[1, 2, 3, 11]
[3, 4, 10, 3]
[4, 10, 3, 4]
[4, 10, 3, 11]
[6, 7, 9, 6]
[7, 9, 6, 7]
[9, 6, 7, 9]
[10, 3, 4, 10]
[1, 2, 3, 4, 10]
[3, 4, 5, 6, 10, 3]
[4, 5, 6, 10, 3, 4]
[4, 5, 6, 10, 3, 11]
[5, 6, 10, 3, 4, 5]
[6, 10, 3, 4, 5, 6]
[7, 9, 6, 10, 3, 11]
[10, 3, 4, 5, 6, 10]
[1, 2, 3, 4, 5, 6, 10]
[7, 9, 6, 10, 3, 4, 5]
[9, 6, 7, 8, 10, 3, 11]
[1, 2, 3, 4, 5, 6, 7, 9]
[3, 4, 5, 6, 7, 8, 10, 3]
[4, 5, 6, 7, 8, 10, 3, 4]
[4, 5, 6, 7, 8, 10, 3, 11]
[5, 6, 7, 8, 10, 3, 4, 5]
[6, 7, 8, 10, 3, 4, 5, 6]
[7, 8, 10, 3, 4, 5, 6, 7]
[8, 10, 3, 4, 5, 6, 7, 8]
[8, 10, 3, 4, 5, 6, 7, 9]
[9, 6, 7, 8, 10, 3, 4, 5]
[10, 3, 4, 5, 6, 7, 8, 10]
[1, 2, 3, 4, 5, 6, 7, 8, 10]
number of prime path：31
